jobs - mchns - 10 - 25 - 50 - n - 2n (5 repeats)
1 20 5 2.60781 2.41988 2.39177 2.35011 2.33434 
2 20 10 4.06006 3.97708 3.97975 3.9618 3.96837 
3 20 20 3.46627 3.41315 3.41315 3.43144 3.41315 
4 50 5 0.800559 0.794032 0.789653 0.793288 0.779589 
5 50 10 4.48434 4.38307 4.34717 4.31599 4.34065 
6 50 20 5.34627 5.32738 5.30291 5.31026 5.2831 
7 100 5 0.40517 0.40517 0.40517 0.402885 0.406313 
8 100 10 2.18394 2.14585 2.09452 2.08696 2.09801 
9 100 20 4.40153 4.36509 4.36064 4.34442 4.344
10 200 10 1.19757 1.14803 1.12685 1.107 1.11364 
11 200 20 3.29138 3.26545 3.27206 3.2893 3.21134 
12 500 20 1.76841 1.74999 1.75539 1.74187 1.75657 
