it - jobs - mchns - 10 - 50 - n - 2n - 0
1 20 5 2.70026 2.35564 2.33101 2.44559 2.26112 3.29776 
2 20 10 4.12956 4.00254 3.96218 3.99273 3.95213 5.01694 
3 20 20 3.49587 3.41315 3.41315 3.4683 3.41315 3.74082 
4 50 5 0.806337 0.793035 0.793035 0.786977 0.776261 0.878394 
5 50 10 4.46154 4.38598 4.3197 4.35958 4.33867 4.8034 
6 50 20 5.39265 5.28883 5.30222 5.25728 5.20344 5.55607 
7 100 5 0.401742 0.403647 0.403647 0.403647 0.403647 0.411373 
8 100 10 2.17629 2.1176 2.0728 2.11977 2.10261 2.37212 
9 100 20 4.43318 4.36539 4.36763 4.35004 4.36642 4.60888 
10 200 10 1.20347 1.16776 1.13908 1.1491 1.09975 1.29297 
11 200 20 3.27228 3.25359 3.25762 3.23607 3.24067 3.37422 
