jobs - mchns - 0.98 - 0.95 - 0.9 - 0.8 - 0.75
1 20 5 0.666589 0.967281 1.23318 1.3422 1.78746 
2 20 10 0.938387 1.45682 1.92893 2.39667 2.46424 
3 20 20 0.834036 1.10285 1.6476 1.8957 2.0981 
4 50 5 0.255379 0.269354 0.380741 0.628296 0.570726 
5 50 10 1.252 1.95034 2.4131 2.75218 2.67154 
6 50 20 1.85385 2.50184 3.02106 3.67632 3.59739 
7 100 5 0.0970969 0.149746 0.240054 0.26851 0.338661 
8 100 10 0.824182 0.935614 1.08868 1.42686 1.25997 
9 100 20 1.23074 1.61237 2.16887 2.54323 2.68779 
10 200 10 0.468216 0.54008 0.685638 0.816415 0.793306 
11 200 20 0.851546 1.11551 1.40914 1.59032 1.66238