20 5 4 1236
11 3 12 16 2 18 8 15 5 4 1 9 10 14 13 6 17 0 19 7 

100 5 7 5106
20 82 90 41 29 79 11 84 97 23 43 66 76 13 85 31 69 61 21 93 37 2 45 42 47 50 38 60 56 95 67 91 48 44 46 24 64 25 54 55 81 19 9 1 8 86 88 16 7 15 53 73 63 83 33 59 87 99 17 65 58 77 72 28 52 40 0 70 34 98 14 89 22 18 78 3 36 71 49 10 94 51 92 62 96 35 27 12 57 5 68 6 30 74 75 32 80 26 4 39 

100 5 7 5106
55 52 20 82 28 72 11 48 45 73 75 56 83 34 68 38 87 43 46 31 88 30 71 23 67 98 47 8 37 76 59 36 2 66 4 92 16 70 58 61 79 1 0 95 35 7 27 9 84 81 97 26 17 24 90 18 85 29 80 64 5 41 53 62 22 32 89 21 25 10 86 96 74 50 69 6 78 42 63 13 99 91 51 3 57 19 33 93 12 77 14 49 60 54 40 44 94 15 65 39 

100 5 8 5454
69 47 83 18 8 58 94 31 98 19 49 30 22 63 36 97 29 96 13 40 66 53 70 61 85 72 33 34 87 4 64 32 92 73 25 21 56 1 27 78 84 24 75 79 28 11 43 95 41 6 93 91 35 5 67 77 20 44 76 71 74 82 52 89 88 81 65 99 7 15 48 57 60 10 39 50 54 46 2 55 86 68 12 38 26 3 62 9 51 80 14 17 90 0 59 37 23 16 45 42 

100 5 7 5106
20 82 90 79 72 41 11 43 96 76 56 42 21 88 51 36 54 46 45 63 85 28 34 53 50 44 95 12 25 57 87 48 62 86 55 31 29 8 74 67 17 37 13 9 59 40 78 92 19 93 3 73 99 97 98 24 71 15 80 69 1 32 5 4 91 77 68 38 65 22 61 30 60 49 16 52 0 23 81 27 10 66 75 70 2 47 84 18 33 64 58 7 6 83 26 14 94 89 35 39 

100 5 7 5106
28 20 11 25 73 53 45 91 29 17 82 69 8 9 90 95 21 41 30 59 43 83 68 77 93 51 22 10 81 74 78 27 87 76 96 42 80 84 56 71 92 34 35 3 75 49 4 99 55 98 31 70 7 19 57 61 64 13 65 33 79 38 12 47 67 50 86 89 66 16 60 48 36 88 2 72 5 46 0 37 23 58 15 44 63 54 26 24 97 6 62 18 40 1 32 85 39 52 14 94 

100 5 8 5454
69 47 83 56 5 33 58 95 15 0 34 53 24 4 31 43 86 10 66 93 27 32 46 52 35 65 8 28 70 84 57 99 73 72 87 49 67 21 91 71 76 88 39 75 19 54 51 11 94 20 38 42 26 1 63 36 98 82 6 25 80 30 7 29 74 23 18 62 13 78 41 22 2 79 90 55 40 96 89 85 48 3 97 14 12 16 50 44 17 77 61 45 68 64 81 9 60 37 59 92 

100 5 solver:2 instance:7 5106
55 52 20 82 79 95 73 25 56 29 24 44 78 60 30 5 8 19 10 66 22 36 61 38 48 28 90 14 67 53 1 7 6 50 45 91 47 99 69 31 13 16 92 98 3 42 11 86 41 37 93 59 88 43 57 51 87 62 26 63 68 75 97 72 54 15 9 83 94 85 64 65 23 2 46 70 81 76 40 80 34 17 21 58 71 18 27 32 12 77 33 74 49 96 84 0 4 89 39 35 

100 5 solver:2 instance:8 5454
69 47 83 56 74 34 31 95 24 15 53 70 8 40 64 79 5 13 25 75 37 50 33 87 86 72 65 90 97 10 71 42 80 22 32 46 0 28 91 58 99 21 49 48 59 6 62 96 76 41 1 30 20 23 29 61 89 38 57 44 92 3 66 73 85 54 36 43 2 19 82 9 88 84 35 94 4 39 63 78 67 11 26 18 98 81 45 12 93 77 68 60 16 55 51 7 14 52 27 17 

100 5 solver:2 instance:7 5106
55 20 11 79 95 76 73 57 16 25 87 80 93 43 50 41 29 8 67 23 30 54 61 49 83 77 66 46 82 28 38 19 91 53 0 36 45 10 31 92 51 9 72 78 14 42 59 69 12 89 3 44 60 68 1 65 37 32 75 84 88 96 47 4 62 98 33 56 48 94 5 58 34 71 27 18 2 22 52 64 35 6 7 86 70 17 26 24 15 99 90 85 81 40 63 21 74 13 97 39 

100 5 solver:3 instance:7 5106
55 20 82 90 12 11 67 76 15 85 98 68 6 9 81 16 28 53 44 0 46 47 26 51 70 33 50 56 43 1 58 17 22 54 84 32 60 36 7 45 25 37 88 14 86 96 3 66 27 89 41 99 87 10 40 72 80 93 63 61 31 73 57 8 69 19 59 52 48 34 75 77 95 5 42 49 71 91 38 29 83 24 4 35 79 23 78 13 2 92 62 64 18 30 21 74 65 94 97 39 

100 5 solver:3 instance:8 5454
69 47 83 56 58 15 82 18 66 63 0 72 64 43 3 34 5 29 4 97 21 28 94 51 38 96 99 36 39 41 88 50 35 2 19 93 13 62 67 32 22 26 76 1 11 16 95 89 48 79 65 49 53 70 40 24 86 8 37 23 30 90 85 33 98 46 68 54 91 45 75 80 52 10 81 87 27 77 6 74 59 17 44 12 20 9 61 25 84 92 57 42 7 71 78 31 73 55 60 14 

100 5 solver:0 instance:7 5106
55 20 82 28 68 95 79 73 90 86 48 72 91 92 16 21 13 67 50 53 22 36 4 19 96 64 76 61 52 26 51 46 42 0 62 35 93 45 29 75 30 56 1 7 74 59 80 12 57 3 6 23 41 83 8 97 17 34 98 10 85 78 60 49 63 58 40 54 25 87 99 5 69 31 89 70 88 14 33 94 11 43 38 66 2 27 47 32 9 77 24 18 84 81 37 44 71 15 65 39 

100 5 solver:0 instance:8 5454
69 47 83 56 33 95 4 34 5 8 48 36 50 61 41 38 70 87 19 15 24 28 98 58 40 43 45 91 49 14 63 97 62 60 29 53 73 2 30 25 22 11 94 71 0 57 65 39 3 75 74 84 80 20 18 17 44 96 99 86 55 32 59 90 23 10 93 37 66 35 67 78 92 81 72 27 16 88 51 76 52 13 7 1 6 54 9 82 77 64 12 46 31 79 89 68 85 26 21 42 

